+---------------+--------------------+-------------------+
|trip_start_time|avg(trip_start_long)|avg(trip_start_lat)|
+---------------+--------------------+-------------------+
|              0|  -73.97555512736648| 40.743515353235544|
|              1|  -73.97837396156466| 40.741543178806786|
|              2|   -73.9811536890092|  40.74110919795442|
|              3|  -73.98191805908215|  40.74167935065989|
|              4|  -73.97851090604645| 40.744459710675855|
|              5|  -73.96823735701192|   40.7482330396936|
|              6|  -73.96999354482305| 40.751180494219795|
|              7|  -73.97129919890968|   40.7541636166695|
|              8|   -73.9735339132319| 40.754219916018904|
|              9|  -73.97483541292873| 40.754113031289556|
|             10|  -73.97373126093778|  40.75457949206802|
|             11|  -73.97426732766404|  40.75455257979993|
|             12|  -73.97466468351826|  40.75431052245118|
|             13|  -73.97438598637048|  40.75374455916926|
|             14|  -73.97321303735488|   40.7534422026279|
|             15|  -73.97147646798473|  40.75336643473831|
|             16|  -73.96994006692563|   40.7529828348949|
|             17|  -73.97156416679933|  40.75333971051361|
|             18|  -73.97397271958081|  40.75279350172719|
|             19|  -73.97528829506103| 40.751438708629536|
|             20|  -73.97537030292409|  40.74969150043117|
|             21|  -73.97492556605144|  40.74880809713274|
|             22|  -73.97505622698152| 40.747706114324444|
|             23|  -73.97408489942474|  40.74577582853441|
+---------------+--------------------+-------------------+



total time to run:  26.963841676712036
